10,28
10,264
10,87
10,89
10,305
10,242
10,11
11,5
11,29
11,25
8,10
8,4
20,3
20,2
20,1
19,3
19,2
19,1
18,3
18,1
14,7
14,3
14,1
13,3
13,1
12,3
12,2
12,1
11,30
11,27
11,26
11,24
11,23
11,21
11,19
11,18
11,17
11,16
11,15
11,12
11,10
11,9
11,8
11,7
11,6
11,4
11,3
11,2
11,1
10,300
10,299
10,296
10,253
10,232
10,223
10,204
10,184
10,183
10,176
10,154
10,102
10,97
10,95
10,93
10,85
10,81
10,72
10,71
10,12
10,8
10,6
10,3
10,2
10,1
9,7
9,6
9,5
9,4
9,3
9,2
9,1
8,18
8,17
8,16
8,15
8,14
8,13
8,11
8,9
8,8
8,7
8,6
8,5
8,3
8,2
8,1
3,3
3,2
3,1
2,3
2,2
2,1
0,505
0,0
552,34
552,33
552,32
552,31
552,30
552,29
